
Cluster 0
--------------
96099
82238
71389
22711
37224
38846
27031
98797
32054
10814
38031

Cluster 1
--------------
46495
23812
41729
91911
82212
15813
85232
20856
3458
13052
82993
32088
64392
29047
42633
53272
97218
69893
50018
68578
55996
93456
33838
43878
57602
58445
39939
81697
17622
81859
6040
57370
52235
46042
34563
78796
9776
83741
7674
91796
63064
24307
63703
8208
62186
28919
56394
81816
34088
40084
82886
23319
42296
93168
42269
17526
38472
83227
29209
83394
10701
94372
93192
98170
85492
73462
91426
28672
46975
25551
91194
18773
37237
25196
61242
56029
42074
70005
35014
19267
1806
57644
26095
64258
84035
45127
34047
14181
57481
29773
54203
36257
4629
26246
37438
81563
65815
38181
63634
23760
49624
39117
24634
94652
7780
73624
3733
73183
42202
50362
276
70919
94719
25878
39299
27312
88042
52954
20326
8304
72058
34958
41719
97612
47023
